version https://git-lfs.github.com/spec/v1
oid sha256:39b16f1c17a2f1e80f1990dce7e9f9fc0faa2bc6f918733a87c7ee727f6362b0
size 169867
